20061204
2	1	2.60E-01	2.96E-01	3.26E-01	3.39E-01	3.73E-01	4.06E-01	4.36E-01	4.61E-01
3	1	4.29E-01	5.29E-01	8.53E-01	1.15E+00	1.81E+00	2.35E+00	2.81E+00	3.20E+00
4	1	6.51E-02	6.96E-02	7.76E-02	8.13E-02	8.70E-02	9.21E-02	9.66E-02	1.01E-01
4	2	1.38E+00	1.45E+00	2.28E+00	3.09E+00	4.50E+00	5.40E+00	6.03E+00	6.50E+00
4	3	2.04E+00	2.22E+00	2.28E+00	2.35E+00	2.68E+00	3.02E+00	3.34E+00	3.62E+00
5	1	1.12E-01	1.26E-01	1.86E-01	2.43E-01	3.54E-01	4.38E-01	5.07E-01	5.66E-01
5	2	2.46E+00	3.05E+00	5.28E+00	7.74E+00	1.35E+01	1.84E+01	2.24E+01	2.58E+01
5	3	7.26E+00	7.92E+00	1.07E+01	1.33E+01	1.77E+01	2.04E+01	2.23E+01	2.37E+01
6	1	6.21E-02	6.58E-02	7.82E-02	8.97E-02	1.09E-01	1.20E-01	1.26E-01	1.30E-01
6	2	2.09E+00	3.08E+00	6.56E+00	9.38E+00	1.42E+01	1.72E+01	1.93E+01	2.08E+01
6	3	1.32E+01	1.78E+01	3.69E+01	5.58E+01	9.44E+01	1.23E+02	1.46E+02	1.65E+02
7	1	2.23E-02	2.55E-02	3.19E-02	3.40E-02	3.61E-02	3.76E-02	3.90E-02	4.02E-02
7	2	3.92E-01	3.88E-01	5.08E-01	6.38E-01	8.80E-01	1.04E+00	1.16E+00	1.25E+00
7	3	7.36E-01	7.71E-01	7.58E-01	7.42E-01	7.51E-01	7.84E-01	8.21E-01	8.57E-01
7	4	2.62E+00	4.31E+00	1.08E+01	1.54E+01	2.22E+01	2.62E+01	2.88E+01	3.07E+01
7	5	4.07E+00	4.88E+00	7.63E+00	9.79E+00	1.41E+01	1.75E+01	2.03E+01	2.27E+01
7	6	4.21E+00	4.27E+00	4.35E+00	4.56E+00	4.93E+00	5.12E+00	5.23E+00	5.29E+00
8	1	4.03E-02	4.79E-02	7.40E-02	9.46E-02	1.33E-01	1.61E-01	1.84E-01	2.04E-01
8	2	7.70E-01	9.03E-01	1.45E+00	1.95E+00	3.01E+00	3.85E+00	4.54E+00	5.13E+00
8	3	2.16E+00	2.26E+00	2.69E+00	3.08E+00	3.77E+00	4.21E+00	4.53E+00	4.76E+00
8	4	4.50E+00	5.95E+00	1.52E+01	2.57E+01	4.88E+01	6.71E+01	8.21E+01	9.46E+01
8	5	1.41E+01	2.07E+01	4.49E+01	6.19E+01	8.70E+01	1.01E+02	1.10E+02	1.16E+02
8	6	1.37E+01	1.55E+01	1.97E+01	2.19E+01	2.52E+01	2.74E+01	2.91E+01	3.05E+01
9	1	3.00E-02	3.19E-02	4.04E-02	4.72E-02	5.69E-02	6.15E-02	6.41E-02	6.56E-02
9	2	6.54E-01	7.54E-01	1.12E+00	1.41E+00	1.93E+00	2.25E+00	2.48E+00	2.65E+00
9	3	3.54E+00	4.31E+00	7.62E+00	1.06E+01	1.63E+01	2.04E+01	2.34E+01	2.60E+01
9	4	6.41E+00	1.01E+01	2.29E+01	3.24E+01	4.72E+01	5.56E+01	6.12E+01	6.51E+01
9	5	2.13E+01	3.13E+01	8.24E+01	1.34E+02	2.38E+02	3.17E+02	3.79E+02	4.30E+02
9	6	3.44E+01	4.61E+01	8.30E+01	1.07E+02	1.41E+02	1.58E+02	1.69E+02	1.76E+02
10	1	1.23E-02	1.14E-02	1.05E-02	1.05E-02	1.06E-02	1.04E-02	1.01E-02	9.80E-03
10	2	5.65E-01	7.38E-01	1.29E+00	1.62E+00	2.04E+00	2.21E+00	2.30E+00	2.34E+00
10	3	2.72E+00	3.21E+00	4.93E+00	6.09E+00	7.62E+00	8.33E+00	8.72E+00	8.95E+00
10	4	6.84E+00	1.06E+01	1.96E+01	2.48E+01	3.17E+01	3.53E+01	3.75E+01	3.90E+01
10	5	2.54E+01	4.09E+01	8.79E+01	1.19E+02	1.67E+02	1.94E+02	2.12E+02	2.24E+02
10	6	6.54E+01	1.12E+02	3.27E+02	5.18E+02	8.71E+02	1.12E+03	1.31E+03	1.46E+03
11	1	1.45E-02	1.72E-02	1.92E-02	1.93E-02	1.94E-02	1.97E-02	2.02E-02	2.07E-02
11	2	2.01E-01	2.13E-01	2.33E-01	2.64E-01	3.37E-01	3.92E-01	4.34E-01	4.66E-01
11	3	4.63E-01	5.10E-01	4.75E-01	4.38E-01	4.03E-01	3.97E-01	4.01E-01	4.07E-01
11	4	1.04E+00	1.59E+00	2.91E+00	3.58E+00	4.53E+00	5.10E+00	5.50E+00	5.80E+00
11	5	2.25E+00	2.58E+00	3.01E+00	3.24E+00	3.77E+00	4.22E+00	4.62E+00	4.96E+00
11	6	2.78E+00	2.92E+00	2.53E+00	2.27E+00	1.95E+00	1.81E+00	1.73E+00	1.68E+00
11	7	6.73E+00	1.58E+01	4.34E+01	5.76E+01	7.51E+01	8.43E+01	9.04E+01	9.48E+01
11	8	1.10E+01	1.81E+01	2.95E+01	3.45E+01	4.46E+01	5.37E+01	6.19E+01	6.93E+01
11	9	1.27E+01	1.60E+01	1.90E+01	2.02E+01	2.18E+01	2.26E+01	2.31E+01	2.34E+01
11	10	1.01E+01	1.08E+01	9.56E+00	8.72E+00	7.69E+00	7.15E+00	6.80E+00	6.54E+00
12	1	2.69E-02	3.15E-02	4.04E-02	4.77E-02	6.34E-02	7.59E-02	8.65E-02	9.57E-02
12	2	4.20E-01	5.18E-01	7.14E-01	8.68E-01	1.21E+00	1.49E+00	1.73E+00	1.93E+00
12	3	1.32E+00	1.40E+00	1.37E+00	1.40E+00	1.53E+00	1.65E+00	1.74E+00	1.81E+00
12	4	2.61E+00	3.46E+00	5.57E+00	7.36E+00	1.12E+01	1.42E+01	1.67E+01	1.87E+01
12	5	7.47E+00	9.77E+00	1.40E+01	1.59E+01	1.88E+01	2.06E+01	2.18E+01	2.27E+01
12	6	8.21E+00	8.88E+00	8.76E+00	8.51E+00	8.32E+00	8.34E+00	8.42E+00	8.51E+00
12	7	9.81E+00	1.73E+01	4.25E+01	6.30E+01	1.06E+02	1.42E+02	1.73E+02	2.01E+02
12	8	3.92E+01	7.54E+01	1.75E+02	2.27E+02	2.89E+02	3.21E+02	3.42E+02	3.57E+02
12	9	4.19E+01	6.05E+01	8.41E+01	9.00E+01	9.77E+01	1.05E+02	1.11E+02	1.17E+02
12	10	3.48E+01	4.05E+01	3.97E+01	3.70E+01	3.32E+01	3.11E+01	2.98E+01	2.89E+01
13	1	2.08E-02	2.22E-02	2.47E-02	2.75E-02	3.13E-02	3.30E-02	3.39E-02	3.44E-02
13	2	4.35E-01	4.87E-01	5.56E-01	6.09E-01	7.18E-01	7.96E-01	8.55E-01	9.01E-01
13	3	2.07E+00	2.48E+00	3.44E+00	4.27E+00	5.90E+00	7.08E+00	8.01E+00	8.77E+00
13	4	3.38E+00	4.26E+00	6.14E+00	7.14E+00	8.66E+00	9.61E+00	1.03E+01	1.08E+01
13	5	1.15E+01	1.53E+01	2.67E+01	3.56E+01	5.21E+01	6.41E+01	7.36E+01	8.13E+01
13	6	1.69E+01	2.10E+01	2.73E+01	2.94E+01	3.20E+01	3.33E+01	3.42E+01	3.48E+01
13	7	1.43E+01	2.54E+01	6.16E+01	8.43E+01	1.15E+02	1.32E+02	1.42E+02	1.50E+02
13	8	4.12E+01	7.05E+01	1.86E+02	2.79E+02	4.55E+02	5.92E+02	7.05E+02	8.01E+02
13	9	8.97E+01	1.59E+02	3.35E+02	4.18E+02	5.10E+02	5.53E+02	5.78E+02	5.96E+02
13	10	7.51E+01	1.03E+02	1.32E+02	1.32E+02	1.26E+02	1.22E+02	1.22E+02	1.22E+02
14	1	9.19E-03	9.14E-03	9.52E-03	9.92E-03	1.03E-02	1.02E-02	9.96E-03	9.66E-03
14	2	3.91E-01	4.61E-01	6.76E-01	8.14E-01	9.77E-01	1.04E+00	1.07E+00	1.09E+00
14	3	1.71E+00	2.02E+00	2.90E+00	3.47E+00	4.17E+00	4.46E+00	4.60E+00	4.68E+00
14	4	2.94E+00	3.41E+00	4.12E+00	4.45E+00	4.73E+00	4.79E+00	4.78E+00	4.76E+00
14	5	1.04E+01	1.25E+01	1.65E+01	1.83E+01	2.04E+01	2.14E+01	2.20E+01	2.24E+01
14	6	2.85E+01	4.01E+01	7.81E+01	1.06E+02	1.50E+02	1.79E+02	2.00E+02	2.17E+02
14	7	2.22E+01	3.48E+01	6.30E+01	7.63E+01	9.08E+01	9.69E+01	1.00E+02	1.02E+02
14	8	6.91E+01	1.15E+02	2.41E+02	3.15E+02	4.14E+02	4.65E+02	4.98E+02	5.21E+02
14	9	1.07E+02	1.95E+02	5.37E+02	8.10E+02	1.30E+03	1.67E+03	1.96E+03	2.21E+03
14	10	1.67E+02	2.71E+02	5.28E+02	6.50E+02	7.64E+02	8.01E+02	8.15E+02	8.21E+02
15	1	4.66E-03	4.03E-03	2.85E-03	2.35E-03	1.76E-03	1.47E-03	1.29E-03	1.15E-03
15	2	2.35E-01	2.54E-01	2.52E-01	2.47E-01	2.36E-01	2.24E-01	2.14E-01	2.05E-01
15	3	8.44E-01	9.09E-01	9.15E-01	8.88E-01	8.14E-01	7.51E-01	7.01E-01	6.61E-01
15	4	3.77E+00	4.82E+00	6.71E+00	7.83E+00	9.16E+00	9.67E+00	9.89E+00	9.99E+00
15	5	1.47E+01	1.86E+01	2.47E+01	2.86E+01	3.36E+01	3.57E+01	3.67E+01	3.72E+01
15	6	2.98E+01	3.87E+01	5.32E+01	6.18E+01	7.43E+01	8.06E+01	8.42E+01	8.66E+01
15	7	2.03E+01	2.76E+01	4.12E+01	4.74E+01	5.40E+01	5.65E+01	5.77E+01	5.83E+01
15	8	6.96E+01	9.94E+01	1.63E+02	1.95E+02	2.32E+02	2.47E+02	2.55E+02	2.60E+02
15	9	1.70E+02	2.61E+02	4.79E+02	6.11E+02	7.92E+02	8.88E+02	9.50E+02	9.93E+02
15	10	3.87E+02	7.33E+02	1.76E+03	2.46E+03	3.64E+03	4.48E+03	5.14E+03	5.69E+03
-1	-1
