3 2 11 // magic number - today's date
#
# this file gives the vibration and rotation quantum indices,
# and dissociation probability and energy (eV) for the C minus state.  
# Any line starting with a #
# is interpreted as a comment and ignored.  The same magic number
# appears at the start and end of the file.
#
# data are from
#>>refer	H2	As	Abgrall, H., Roueff, E., & Drira, I. 2000, A&AS, 141, 297-300
#
# This is the C- state, which is elec = 5 in the internal bookkeeping.
#
# v  	J   	 diss tot(1/s) 	 mean_diss_KE(ev)
#0	0	2.88E-02	1.05E+00 //missing level 
0	1	2.88E-02	1.05E+00
0	2	2.94E-02	1.05E+00
0	3	3.00E-02	1.08E+00
0	4	3.02E-02	1.12E+00
0	5	2.97E-02	1.23E+00
0	6	2.84E-02	1.37E+00
0	7	2.69E-02	1.53E+00
0	8	2.57E-02	1.65E+00
0	9	2.49E-02	1.70E+00
0	10	2.49E-02	1.75E+00
0	11	2.75E-02	1.74E+00
0	12	3.00E-02	1.80E+00
0	13	3.34E-02	1.67E+00
0	14	8.51E-02	6.65E-01
0	15	3.33E-01	6.29E-02
0	16	2.76E+00	1.42E-01
0	17	3.73E+00	1.39E-01
0	18	3.37E+00	2.90E-01
0	19	1.57E+01	1.34E-02
0	20	4.10E+02	1.36E-01
0	21	5.86E+02	1.05E-01
0	22	5.36E+02	3.28E-01
0	23	1.72E+03	9.32E-03
0	24	1.04E+04	1.50E-02
0	25	6.24E+04	3.04E-01
#1	0	3.41E-02	9.57E-01 // missing level
1	1	3.41E-02	9.57E-01
1	2	3.80E-02	8.51E-01
1	3	4.47E-02	7.23E-01
1	4	5.56E-02	5.25E-01
1	5	7.52E-02	4.90E-01
1	6	8.77E-02	4.90E-01
1	7	9.81E-02	5.26E-01
1	8	1.16E-01	5.07E-01
1	9	8.19E-02	7.24E-01
1	10	6.66E-02	8.49E-01
1	11	9.31E-01	1.04E-01
1	12	3.27E+00	1.04E-01
1	13	2.45E+01	6.54E-02
1	14	3.41E+01	1.27E-01
1	15	3.53E+01	1.93E-01
1	16	4.69E+01	1.94E-01
1	17	2.64E+02	1.79E-02
1	18	3.70E+03	1.19E-01
1	19	4.84E+03	1.13E-01
1	20	4.17E+03	2.99E-01
1	21	1.32E+04	1.06E-02
1	22	6.62E+04	4.29E-02
1	23	3.83E+05	2.36E-01
1	24	2.61E+05	1.84E-03
1	25	1.86E+06	1.41E-02
#2	0	7.67E-01	1.91E-01 // missing level
2	1	7.67E-01	1.91E-01
2	2	8.18E-01	1.94E-01
2	3	8.76E-01	2.02E-01
2	4	9.02E-01	2.12E-01
2	5	8.25E-01	2.77E-01
2	6	7.50E-01	3.35E-01
2	7	1.48E+00	2.04E-01
2	8	1.22E+01	5.60E-02
2	9	3.08E+01	7.44E-02
2	10	6.94E+01	1.01E-01
2	11	2.07E+02	9.44E-02
2	12	2.17E+02	1.58E-01
2	13	1.89E+02	2.21E-01
2	14	6.24E+02	1.20E-01
2	15	2.62E+03	2.64E-02
2	16	1.91E+04	1.12E-01
2	17	2.22E+04	1.35E-01
2	18	1.90E+04	2.68E-01
2	19	6.46E+04	1.27E-02
2	20	1.27E+06	1.35E-01
2	21	1.32E+06	1.94E-01
2	22	9.34E+05	2.00E-01
2	23	4.72E+06	1.28E-02
2	24	1.34E+07	7.77E-03
2	25	3.27E+07	2.31E-02
#3	0	2.22E+01	8.40E-02 // missing level
3	1	2.22E+01	8.40E-02
3	2	3.13E+01	7.46E-02
3	3	5.11E+01	6.81E-02
3	4	9.48E+01	4.61E-02
3	5	2.08E+02	6.05E-02
3	6	3.27E+02	7.80E-02
3	7	5.00E+02	9.82E-02
3	8	9.14E+02	9.68E-02
3	9	8.53E+02	1.52E-01
3	10	6.18E+02	2.40E-01
3	11	1.94E+03	1.01E-01
3	12	6.80E+03	9.05E-02
3	13	5.66E+04	5.70E-02
3	14	7.20E+04	1.17E-01
3	15	7.14E+04	1.75E-01
3	16	7.50E+04	2.18E-01
3	17	2.74E+05	1.65E-02
3	18	3.35E+06	1.16E-01
3	19	3.42E+06	1.76E-01
3	20	3.68E+06	2.37E-01
3	21	1.00E+07	1.31E-02
3	22	2.66E+07	5.53E-02
3	23	7.03E+07	3.30E-02
3	24	5.41E+07	2.72E-02
3	25	5.22E+08	2.23E-01
#4	0	2.29E+03	9.39E-02 // missing level
4	1	2.29E+03	9.39E-02
4	2	2.45E+03	1.01E-01
4	3	2.66E+03	1.12E-01
4	4	2.82E+03	1.17E-01
4	5	2.74E+03	1.56E-01
4	6	2.18E+03	2.15E-01
4	7	1.98E+03	2.42E-01
4	8	1.05E+04	6.55E-02
4	9	2.64E+04	6.96E-02
4	10	6.02E+04	9.11E-02
4	11	1.97E+05	8.16E-02
4	12	2.08E+05	1.38E-01
4	13	1.71E+05	2.12E-01
4	14	3.27E+05	1.50E-01
4	15	1.11E+06	2.34E-02
4	16	7.52E+06	1.08E-01
4	17	7.27E+06	1.75E-01
4	18	8.00E+06	2.11E-01
4	19	1.99E+07	1.50E-02
4	20	1.87E+08	1.40E-01
4	21	1.21E+08	4.33E-02
4	22	7.93E+07	3.86E-02
4	23	6.38E+08	2.23E-01
4	24	5.71E+08	2.26E-01
#5	0	9.07E+03	1.59E-01 //missing level
5	1	9.07E+03	1.59E-01
5	2	1.21E+04	1.27E-01
5	3	1.96E+04	9.34E-02
5	4	3.85E+04	4.56E-02
5	5	9.45E+04	5.37E-02
5	6	1.55E+05	6.72E-02
5	7	2.48E+05	8.43E-02
5	8	5.09E+05	7.90E-02
5	9	5.02E+05	1.25E-01
5	10	4.04E+05	1.92E-01
5	11	6.00E+05	1.48E-01
5	12	1.62E+06	1.04E-01
5	13	1.36E+07	5.30E-02
5	14	1.47E+07	1.12E-01
5	15	1.30E+07	1.82E-01
5	16	1.69E+07	1.81E-01
5	17	3.90E+07	1.91E-02
5	18	2.60E+08	1.22E-01
5	19	1.78E+08	5.31E-02
5	20	7.17E+08	1.44E-01
5	21	7.17E+08	2.02E-01
5	22	6.71E+08	2.42E-01
5	23	7.67E+08	2.90E-01
#6	0	7.36E+05	7.71E-02 // missing level
6	1	7.36E+05	7.71E-02
6	2	8.04E+05	8.28E-02
6	3	9.00E+05	9.15E-02
6	4	1.01E+06	9.05E-02
6	5	1.08E+06	1.20E-01
6	6	9.26E+05	1.64E-01
6	7	7.35E+05	2.20E-01
6	8	1.69E+06	1.08E-01
6	9	3.67E+06	8.25E-02
6	10	7.87E+06	8.94E-02
6	11	2.57E+07	7.48E-02
6	12	2.50E+07	1.29E-01
6	13	2.25E+07	1.78E-01
6	14	3.63E+07	1.48E-01
6	15	7.80E+07	2.70E-02
6	16	3.25E+08	1.14E-01
6	17	2.30E+08	6.18E-02
6	18	7.53E+08	1.30E-01
6	19	7.68E+08	1.80E-01
6	20	7.83E+08	2.26E-01
6	21	8.03E+08	2.65E-01
#7	0	1.49E+06	2.11E-01 //missing level
7	1	1.49E+06	2.11E-01
7	2	1.59E+06	2.00E-01
7	3	2.00E+06	1.65E-01
7	4	3.36E+06	7.04E-02
7	5	8.14E+06	6.42E-02
7	6	1.29E+07	6.76E-02
7	7	2.04E+07	7.83E-02
7	8	4.28E+07	6.98E-02
7	9	4.07E+07	1.12E-01
7	10	3.35E+07	1.69E-01
7	11	4.63E+07	1.43E-01
7	12	8.35E+07	1.18E-01
7	13	4.63E+08	5.77E-02
7	14	3.70E+08	1.19E-01
7	15	2.70E+08	6.91E-02
7	16	7.87E+08	1.23E-01
7	17	8.02E+08	1.63E-01
7	18	8.18E+08	2.02E-01
7	19	8.36E+08	2.36E-01
#8	0	4.07E+07	6.83E-02 // missing level
8	1	4.07E+07	6.83E-02
8	2	4.46E+07	7.27E-02
8	3	5.00E+07	7.96E-02
8	4	5.65E+07	7.67E-02
8	5	6.20E+07	1.02E-01
8	6	5.48E+07	1.38E-01
8	7	4.56E+07	1.83E-01
8	8	7.64E+07	1.22E-01
8	9	1.20E+08	1.02E-01
8	10	1.97E+08	1.00E-01
8	11	4.78E+08	8.15E-02
8	12	3.85E+08	1.37E-01
8	13	7.96E+08	8.98E-02
8	14	8.12E+08	1.21E-01
8	15	8.22E+08	1.53E-01
8	16	8.47E+08	1.83E-01
8	17	8.63E+08	2.07E-01
#9	0	6.46E+07	1.80E-01 // missing level
9	1	6.46E+07	1.80E-01
9	2	6.43E+07	1.85E-01
9	3	6.83E+07	1.79E-01
9	4	8.85E+07	9.74E-02
9	5	1.71E+08	8.81E-02
9	6	2.31E+08	8.41E-02
9	7	3.13E+08	8.75E-02
9	8	5.31E+08	7.75E-02
9	9	4.51E+08	1.19E-01
9	10	3.71E+08	1.68E-01
9	11	8.21E+08	9.96E-02
9	12	8.33E+08	1.24E-01
9	13	8.55E+08	1.46E-01
9	14	8.71E+08	1.68E-01
9	15	8.82E+08	1.80E-01
#10	0	4.14E+08	7.78E-02 // missing level
10	1	4.14E+08	7.78E-02
10	2	4.39E+08	8.05E-02
10	3	4.70E+08	8.56E-02
10	4	4.98E+08	8.51E-02
10	5	5.00E+08	1.09E-01
10	6	4.46E+08	1.38E-01
10	7	4.10E+08	1.64E-01
10	8	8.39E+08	9.35E-02
10	9	8.38E+08	1.11E-01
10	10	8.10E+08	1.33E-01
10	11	8.84E+08	1.39E-01
10	12	8.96E+08	1.52E-01
10	13	9.64E+08	1.54E-01
#11	0	4.58E+08	1.52E-01 // missing level
11	1	4.58E+08	1.52E-01
11	2	4.66E+08	1.52E-01
11	3	4.95E+08	1.48E-01
11	4	5.81E+08	9.14E-02
11	5	8.35E+08	1.02E-01
11	6	8.10E+08	1.15E-01
11	7	7.56E+08	1.33E-01
11	8	9.10E+08	1.19E-01
11	9	9.17E+08	1.27E-01
11	10	9.10E+08	1.34E-01
#12	0	6.99E+08	1.29E-01 // missing level
12	1	6.99E+08	1.29E-01
12	2	6.75E+08	1.35E-01
12	3	6.41E+08	1.44E-01
12	4	6.31E+08	9.83E-02
12	5	9.47E+08	1.01E-01
12	6	9.44E+08	1.04E-01
12	7	9.16E+08	1.08E-01
#13	0	9.39E+08	7.71E-02 // missing level
13	1	9.39E+08	7.71E-02
13	2	9.14E+08	7.74E-02

