3 2 11 // magic number - today's date
#
# this file gives the vibration and rotation dissociation probability
# and kinetic energy (eV) of the B electronic state of molecular hydrogen
# Any line starting with a #
# is interpreted as a comment and ignored.  The same magic number
# appears at the start and end of the file.
#
# data are from
#>>refer	H2	As	Abgrall, H., Roueff, E., & Drira, I. 2000, A&AS, 141, 297-300
#
#vib	J	Diss prob	Kin Ener (eV)
0	0	7.28E+00	6.02E-02
0	1	8.03E+00	6.69E-02
0	2	9.59E+00	6.84E-02
0	3	1.22E+01	6.29E-02
0	4	1.59E+01	7.95E-02
0	5	1.81E+01	8.11E-02
0	6	2.23E+01	1.02E-01
0	7	3.46E+01	8.95E-02
0	8	6.66E+01	8.54E-02
0	9	1.40E+02	9.56E-02
0	10	4.14E+02	8.29E-02
0	11	4.55E+02	1.26E-01
0	12	1.92E+03	8.72E-03
0	13	3.77E+03	9.58E-02
0	14	6.13E+03	5.81E-02
0	15	1.01E+04	1.42E-01
0	16	1.63E+04	1.74E-02
0	17	1.72E+05	1.08E-01
0	18	1.38E+05	1.05E-01
0	19	5.09E+05	1.17E-01
0	20	9.52E+05	3.41E-02
0	21	1.15E+06	1.60E-01
0	22	1.48E+06	4.93E-03
0	23	4.68E+06	6.93E-03
0	24	1.06E+07	1.15E-02
0	25	1.03E+07	5.48E-03
1	0	1.17E+02	1.90E-01
1	1	1.33E+02	1.71E-01
1	2	1.86E+02	1.32E-01
1	3	3.41E+02	6.11E-02
1	4	8.30E+02	5.98E-02
1	5	1.40E+03	6.00E-02
1	6	2.46E+03	7.32E-02
1	7	4.07E+03	7.98E-02
1	8	4.47E+03	1.09E-01
1	9	7.95E+03	9.18E-02
1	10	2.24E+04	7.14E-02
1	11	3.44E+04	1.04E-01
1	12	7.62E+04	5.91E-03
1	13	7.88E+04	1.32E-01
1	14	2.80E+05	3.02E-02
1	15	8.54E+05	1.04E-01
1	16	6.74E+05	8.69E-02
1	17	2.61E+06	1.04E-01
1	18	4.46E+06	3.75E-02
1	19	8.41E+06	1.78E-01
1	20	6.48E+06	1.03E-02
1	21	3.32E+07	5.96E-02
1	22	4.67E+07	2.63E-02
1	23	3.19E+07	2.13E-02
1	24	2.47E+08	1.01E-01
1	25	1.48E+08	8.35E-02
2	0	2.14E+04	8.03E-02
2	1	2.18E+04	8.44E-02
2	2	2.21E+04	9.27E-02
2	3	2.18E+04	1.04E-01
2	4	2.09E+04	1.23E-01
2	5	2.19E+04	1.25E-01
2	6	3.04E+04	1.17E-01
2	7	1.04E+05	6.05E-02
2	8	1.47E+05	8.29E-02
2	9	2.57E+05	8.51E-02
2	10	3.13E+05	1.07E-01
2	11	4.65E+05	1.14E-01
2	12	2.51E+06	1.52E-02
2	13	2.38E+06	1.16E-01
2	14	4.65E+06	8.30E-02
2	15	8.34E+06	9.49E-02
2	16	1.25E+07	4.78E-02
2	17	2.04E+07	1.60E-01
2	18	1.82E+07	1.55E-02
2	19	1.77E+08	1.21E-01
2	20	1.04E+08	4.50E-02
2	21	2.46E+08	8.51E-02
2	22	3.89E+08	1.41E-01
2	23	2.76E+08	1.42E-01
2	24	5.56E+08	1.82E-01
2	25	5.37E+08	2.71E-01
3	0	2.06E+05	6.36E-02
3	1	2.36E+05	6.24E-02
3	2	3.05E+05	6.16E-02
3	3	4.29E+05	4.89E-02
3	4	6.48E+05	6.29E-02
3	5	7.73E+05	6.66E-02
3	6	9.64E+05	8.73E-02
3	7	1.01E+06	1.06E-01
3	8	1.31E+06	1.09E-01
3	9	2.05E+06	1.09E-01
3	10	5.74E+06	8.13E-02
3	11	5.56E+06	1.26E-01
3	12	1.41E+07	5.50E-03
3	13	2.07E+07	1.03E-01
3	14	2.72E+07	6.68E-02
3	15	3.78E+07	1.50E-01
3	16	4.16E+07	2.40E-02
3	17	2.45E+08	1.07E-01
3	18	1.64E+08	6.27E-02
3	19	5.10E+08	1.29E-01
3	20	4.70E+08	1.81E-01
3	21	4.99E+08	2.27E-01
3	22	5.34E+08	1.72E-01
3	23	5.58E+08	3.06E-01
3	24	5.61E+08	1.87E-01
3	25	5.54E+08	3.50E-01
4	0	1.92E+06	1.39E-01
4	1	1.85E+06	1.45E-01
4	2	1.77E+06	1.55E-01
4	3	1.81E+06	1.31E-01
4	4	2.72E+06	1.13E-01
4	5	3.97E+06	9.27E-02
4	6	6.58E+06	8.61E-02
4	7	1.30E+07	7.25E-02
4	8	1.35E+07	1.03E-01
4	9	2.08E+07	9.24E-02
4	10	3.29E+07	8.80E-02
4	11	4.21E+07	1.11E-01
4	12	7.73E+07	6.76E-03
4	13	6.62E+07	1.53E-01
4	14	1.53E+08	4.33E-02
4	15	2.90E+08	1.04E-01
4	16	2.14E+08	7.95E-02
4	17	5.21E+08	1.25E-01
4	18	5.05E+08	1.79E-01
4	19	5.22E+08	1.73E-01
4	20	5.26E+08	2.46E-01
4	21	5.54E+08	2.95E-01
4	22	5.61E+08	1.81E-01
4	23	5.51E+08	3.75E-01
4	24	5.47E+08	6.33E-02
4	25	5.41E+08	4.26E-01
5	0	2.44E+07	6.54E-02
5	1	2.55E+07	6.78E-02
5	2	2.75E+07	7.28E-02
5	3	2.98E+07	7.53E-02
5	4	3.11E+07	9.36E-02
5	5	3.04E+07	1.01E-01
5	6	3.12E+07	1.25E-01
5	7	5.27E+07	9.16E-02
5	8	6.45E+07	1.03E-01
5	9	9.21E+07	1.04E-01
5	10	1.11E+08	1.21E-01
5	11	1.21E+08	1.43E-01
5	12	3.73E+08	1.23E-02
5	13	3.11E+08	1.34E-01
5	14	4.46E+08	1.05E-01
5	15	5.24E+08	1.26E-01
5	16	5.17E+08	1.80E-01
5	17	5.30E+08	1.54E-01
5	18	5.28E+08	2.58E-01
5	19	5.40E+08	1.73E-01
5	20	5.37E+08	3.19E-01
5	21	5.36E+08	3.69E-01
5	22	5.46E+08	8.16E-02
5	23	5.26E+08	4.12E-01
5	24	5.73E+08	6.79E-02
5	25	5.75E+08	4.99E-01
6	0	4.07E+07	1.66E-01
6	1	4.34E+07	1.58E-01
6	2	5.06E+07	1.41E-01
6	3	6.73E+07	8.71E-02
6	4	1.06E+08	8.85E-02
6	5	1.29E+08	8.11E-02
6	6	1.67E+08	9.44E-02
6	7	1.76E+08	1.14E-01
6	8	1.81E+08	1.34E-01
6	9	2.13E+08	1.40E-01
6	10	3.64E+08	1.14E-01
6	11	3.32E+08	1.57E-01
6	12	5.24E+08	3.37E-03
6	13	5.23E+08	1.62E-01
6	14	5.29E+08	1.94E-01
6	15	5.28E+08	1.45E-01
6	16	5.24E+08	2.67E-01
6	17	5.21E+08	1.82E-01
6	18	5.14E+08	3.15E-01
6	19	5.62E+08	1.25E-01
6	20	5.51E+08	4.02E-01
6	21	5.52E+08	4.49E-01
6	22	5.47E+08	6.04E-02
6	23	5.54E+08	4.81E-01
6	24	5.75E+08	7.28E-02
6	25	5.64E+08	5.45E-01
7	0	2.56E+08	1.06E-01
7	1	2.54E+08	1.11E-01
7	2	2.47E+08	1.20E-01
7	3	2.36E+08	1.34E-01
7	4	2.31E+08	1.48E-01
7	5	2.34E+08	1.58E-01
7	6	2.59E+08	1.59E-01
7	7	3.91E+08	1.25E-01
7	8	3.89E+08	1.50E-01
7	9	4.84E+08	1.45E-01
7	10	5.21E+08	1.61E-01
7	11	5.10E+08	1.92E-01
7	12	5.19E+08	1.31E-04
7	13	5.14E+08	2.52E-01
7	14	5.07E+08	2.78E-01
7	15	5.13E+08	1.71E-01
7	16	4.99E+08	3.26E-01
7	17	5.48E+08	9.04E-02
7	18	5.46E+08	3.91E-01
7	19	5.49E+08	7.65E-02
7	20	5.39E+08	4.60E-01
7	21	5.53E+08	5.02E-01
7	22	5.55E+08	6.18E-02
7	23	5.51E+08	5.63E-01
7	24	5.58E+08	6.67E-02
7	25	5.43E+08	5.91E-01
8	0	3.55E+08	1.55E-01
8	1	3.67E+08	1.53E-01
8	2	3.92E+08	1.50E-01
8	3	4.26E+08	1.36E-01
8	4	4.62E+08	1.48E-01
8	5	4.65E+08	1.51E-01
8	6	2.76E+08	1.76E-01
8	7	4.98E+08	1.85E-01
8	8	4.91E+08	2.11E-01
8	9	5.01E+08	2.30E-01
8	10	4.97E+08	2.56E-01
8	11	4.87E+08	2.87E-01
8	12	5.19E+08	1.79E-03
8	13	5.06E+08	3.33E-01
8	14	5.29E+08	3.42E-01
8	15	5.35E+08	7.57E-02
8	16	5.37E+08	3.92E-01
8	17	5.46E+08	8.13E-02
8	18	5.38E+08	4.64E-01
8	19	5.39E+08	5.50E-02
8	20	5.34E+08	5.10E-01
8	21	5.43E+08	5.51E-01
8	22	5.54E+08	8.12E-02
8	23	5.45E+08	6.30E-01
8	24	5.42E+08	4.45E-02
8	25	5.38E+08	6.46E-01
9	0	4.64E+08	2.19E-01
9	1	4.63E+08	2.22E-01
9	2	4.62E+08	2.28E-01
9	3	4.64E+08	2.27E-01
9	4	4.75E+08	2.41E-01
9	5	4.71E+08	2.50E-01
9	6	4.71E+08	2.70E-01
9	7	4.73E+08	2.86E-01
9	8	4.61E+08	3.12E-01
9	9	4.63E+08	3.28E-01
9	10	3.19E+08	3.25E-01
9	11	4.89E+08	3.60E-01
9	12	5.28E+08	3.99E-04
9	13	5.29E+08	3.87E-01
9	14	5.32E+08	4.06E-01
9	15	5.36E+08	6.94E-02
9	16	5.31E+08	4.64E-01
9	17	5.33E+08	5.10E-02
9	18	5.24E+08	5.20E-01
9	19	5.41E+08	6.50E-02
9	20	5.38E+08	5.68E-01
9	21	5.38E+08	6.11E-01
9	22	5.40E+08	5.76E-02
9	23	5.31E+08	6.70E-01
9	24	5.35E+08	4.96E-02
9	25	5.33E+08	7.10E-01
10	0	4.40E+08	3.23E-01
10	1	4.39E+08	3.26E-01
10	2	4.38E+08	3.31E-01
10	3	4.38E+08	3.28E-01
10	4	4.30E+08	3.42E-01
10	5	2.74E+08	3.45E-01
10	6	4.29E+08	3.69E-01
10	7	4.90E+08	3.45E-01
10	8	4.85E+08	3.69E-01
10	9	5.27E+08	3.60E-01
10	10	5.27E+08	3.81E-01
10	11	5.26E+08	4.04E-01
10	12	5.21E+08	1.75E-04
10	13	4.79E+08	4.55E-01
10	14	5.18E+08	4.71E-01
10	15	5.27E+08	4.91E-02
10	16	5.19E+08	5.28E-01
10	17	5.27E+08	6.47E-02
10	18	5.23E+08	5.70E-01
10	19	5.40E+08	6.54E-02
10	20	5.34E+08	6.33E-01
10	21	5.28E+08	6.77E-01
10	22	5.25E+08	4.45E-02
10	23	5.16E+08	7.05E-01
10	24	5.33E+08	5.21E-02
10	25	5.30E+08	7.69E-01
11	0	4.17E+08	4.23E-01
11	1	4.17E+08	4.24E-01
11	2	4.21E+08	4.25E-01
11	3	4.35E+08	3.76E-01
11	4	4.83E+08	3.84E-01
11	5	4.91E+08	3.62E-01
11	6	5.24E+08	3.77E-01
11	7	5.23E+08	3.92E-01
11	8	5.13E+08	4.11E-01
11	9	3.75E+08	4.35E-01
11	10	4.98E+08	4.56E-01
11	11	5.04E+08	4.82E-01
11	12	5.23E+08	9.54E-04
11	13	5.18E+08	5.17E-01
11	14	5.20E+08	5.37E-01
11	15	4.60E+08	6.47E-02
11	16	5.13E+08	5.82E-01
11	17	5.24E+08	5.68E-02
11	18	5.21E+08	6.25E-01
11	19	5.31E+08	6.56E-02
11	20	5.22E+08	6.93E-01
11	21	5.22E+08	7.33E-01
11	22	5.16E+08	4.70E-02
11	23	5.15E+08	7.44E-01
11	24	5.27E+08	5.87E-02
11	25	5.23E+08	8.17E-01
12	0	5.14E+08	4.08E-01
12	1	5.10E+08	4.11E-01
12	2	4.99E+08	4.19E-01
12	3	4.32E+08	4.22E-01
12	4	4.30E+08	4.32E-01
12	5	4.88E+08	4.42E-01
12	6	4.97E+08	4.60E-01
12	7	5.01E+08	4.73E-01
12	8	4.94E+08	4.97E-01
12	9	4.99E+08	5.08E-01
12	10	5.09E+08	5.15E-01
12	11	5.02E+08	5.38E-01
12	12	3.49E+08	2.96E-04
12	13	5.05E+08	5.77E-01
12	14	5.15E+08	5.95E-01
12	15	5.11E+08	5.80E-02
12	16	5.07E+08	6.32E-01
12	17	4.95E+08	6.28E-02
12	18	5.14E+08	6.84E-01
12	19	5.17E+08	4.41E-02
12	20	5.09E+08	7.42E-01
12	21	5.14E+08	7.79E-01
12	22	5.11E+08	4.83E-02
12	23	5.07E+08	7.99E-01
12	24	5.18E+08	4.44E-02
12	25	5.09E+08	8.58E-01
13	0	4.81E+08	5.03E-01
13	1	4.79E+08	5.07E-01
13	2	4.76E+08	5.14E-01
13	3	4.74E+08	5.00E-01
13	4	4.88E+08	5.14E-01
13	5	4.82E+08	5.08E-01
13	6	4.91E+08	5.29E-01
13	7	4.92E+08	5.32E-01
13	8	4.02E+08	5.50E-01
13	9	4.68E+08	5.57E-01
13	10	5.00E+08	5.72E-01
13	11	5.03E+08	5.92E-01
13	12	5.06E+08	2.41E-04
13	13	5.00E+08	6.36E-01
13	14	4.89E+08	6.47E-01
13	15	4.93E+08	5.27E-02
13	16	5.04E+08	6.84E-01
13	17	5.11E+08	4.22E-02
13	18	5.04E+08	7.41E-01
13	19	2.76E+08	5.26E-02
13	20	4.99E+08	7.83E-01
13	21	5.05E+08	8.18E-01
13	22	5.06E+08	5.40E-02
13	23	5.04E+08	8.54E-01
13	24	5.06E+08	4.74E-02
13	25	4.99E+08	8.88E-01
14	0	4.87E+08	5.56E-01
14	1	3.36E+08	5.60E-01
14	2	4.16E+08	5.72E-01
14	3	4.52E+08	5.60E-01
14	4	4.77E+08	5.71E-01
14	5	4.79E+08	5.69E-01
14	6	4.93E+08	5.78E-01
14	7	4.95E+08	5.89E-01
14	8	4.94E+08	6.02E-01
14	9	4.92E+08	6.19E-01
14	10	4.91E+08	6.30E-01
14	11	4.30E+08	6.54E-01
14	12	4.72E+08	1.71E-04
14	13	4.93E+08	6.86E-01
14	14	4.97E+08	6.96E-01
14	15	5.00E+08	4.04E-02
14	16	4.88E+08	7.38E-01
14	17	4.87E+08	5.02E-02
14	18	4.92E+08	7.89E-01
14	19	4.97E+08	4.43E-02
14	20	4.92E+08	8.21E-01
14	21	4.94E+08	8.54E-01
14	22	4.99E+08	4.42E-02
14	23	4.94E+08	9.09E-01
14	24	4.94E+08	4.04E-02
14	25	4.87E+08	9.19E-01
15	0	4.86E+08	6.08E-01
15	1	4.85E+08	6.10E-01
15	2	4.83E+08	6.15E-01
15	3	4.80E+08	6.18E-01
15	4	4.81E+08	6.27E-01
15	5	4.75E+08	6.33E-01
15	6	4.68E+08	6.46E-01
15	7	4.02E+08	6.45E-01
15	8	4.29E+08	6.57E-01
15	9	4.85E+08	6.61E-01
15	10	4.89E+08	6.80E-01
15	11	4.89E+08	6.99E-01
15	12	4.90E+08	2.13E-04
15	13	4.77E+08	7.37E-01
15	14	3.80E+08	7.43E-01
15	15	4.87E+08	4.75E-02
15	16	4.87E+08	7.89E-01
15	17	4.88E+08	5.29E-02
15	18	4.73E+08	8.29E-01
15	19	4.87E+08	4.64E-02
15	20	4.87E+08	8.60E-01
15	21	4.87E+08	8.94E-01
15	22	4.86E+08	5.11E-02
15	23	4.84E+08	9.52E-01
15	24	4.83E+08	3.99E-02
15	25	4.79E+08	9.49E-01
16	0	4.64E+08	6.84E-01
16	1	4.60E+08	6.87E-01
16	2	4.56E+08	6.93E-01
16	3	4.53E+08	6.71E-01
16	4	4.72E+08	6.80E-01
16	5	4.72E+08	6.67E-01
16	6	4.89E+08	6.75E-01
16	7	4.88E+08	6.86E-01
16	8	4.86E+08	6.99E-01
16	9	4.80E+08	7.14E-01
16	10	4.44E+08	7.34E-01
16	11	4.01E+08	7.51E-01
16	12	4.77E+08	4.49E-04
16	13	4.80E+08	7.82E-01
16	14	4.79E+08	7.93E-01
16	15	4.75E+08	5.53E-02
16	16	3.19E+08	8.32E-01
16	17	4.77E+08	3.76E-02
16	18	4.76E+08	8.64E-01
16	19	4.84E+08	4.27E-02
16	20	3.90E+08	9.02E-01
16	21	4.78E+08	9.32E-01
16	22	4.80E+08	4.38E-02
16	23	4.74E+08	9.82E-01
16	24	4.75E+08	4.32E-02
16	25	4.73E+08	9.77E-01
17	0	4.88E+08	6.91E-01
17	1	4.87E+08	6.93E-01
17	2	4.87E+08	6.95E-01
17	3	4.84E+08	7.00E-01
17	4	4.82E+08	7.07E-01
17	5	4.68E+08	7.16E-01
17	6	3.87E+08	7.29E-01
17	7	4.07E+08	7.38E-01
17	8	4.62E+08	7.56E-01
17	9	4.71E+08	7.67E-01
17	10	4.73E+08	7.80E-01
17	11	4.70E+08	7.98E-01
17	12	4.67E+08	3.80E-04
17	13	3.33E+08	8.29E-01
17	14	4.60E+08	8.37E-01
17	15	4.71E+08	3.61E-02
17	16	4.68E+08	8.72E-01
17	17	4.68E+08	4.08E-02
17	18	4.18E+08	8.96E-01
17	19	4.78E+08	4.66E-02
17	20	4.75E+08	9.38E-01
17	21	4.70E+08	9.69E-01
17	22	4.68E+08	3.96E-02
17	23	4.67E+08	1.00E+00
17	24	4.70E+08	4.17E-02
17	25	4.57E+08	1.00E+00
18	0	4.74E+08	7.50E-01
18	1	4.72E+08	7.53E-01
18	2	4.69E+08	7.59E-01
18	3	4.65E+08	7.53E-01
18	4	4.71E+08	7.63E-01
18	5	4.67E+08	7.61E-01
18	6	4.73E+08	7.74E-01
18	7	4.69E+08	7.87E-01
18	8	4.62E+08	8.00E-01
18	9	4.37E+08	8.15E-01
18	10	2.98E+08	8.20E-01
18	11	4.49E+08	8.39E-01
18	12	4.65E+08	3.85E-04
18	13	4.64E+08	8.67E-01
18	14	4.63E+08	8.77E-01
18	15	4.00E+08	3.94E-02
18	16	4.49E+08	9.03E-01
18	17	4.67E+08	4.35E-02
18	18	4.65E+08	9.30E-01
18	19	4.61E+08	5.31E-02
18	20	4.61E+08	9.72E-01
18	21	4.65E+08	1.00E+00
18	22	4.63E+08	4.31E-02
18	23	3.35E+08	1.03E+00
18	24	4.66E+08	4.79E-02
18	25	4.65E+08	1.03E+00
19	0	4.77E+08	7.80E-01
19	1	4.75E+08	7.83E-01
19	2	4.72E+08	7.88E-01
19	3	4.64E+08	7.93E-01
19	4	4.51E+08	8.02E-01
19	5	3.45E+08	8.11E-01
19	6	3.96E+08	8.23E-01
19	7	4.45E+08	8.33E-01
19	8	4.53E+08	8.46E-01
19	9	4.54E+08	8.58E-01
19	10	4.57E+08	8.63E-01
19	11	4.50E+08	8.78E-01
19	12	4.06E+08	2.80E-04
19	13	4.14E+08	9.03E-01
19	14	4.57E+08	9.10E-01
19	15	4.58E+08	4.33E-02
19	16	4.54E+08	9.33E-01
19	17	3.75E+08	4.63E-02
19	18	4.54E+08	9.60E-01
19	19	4.63E+08	4.01E-02
19	20	4.58E+08	9.98E-01
19	21	2.83E+08	1.01E+00
19	22	4.57E+08	4.07E-02
19	23	4.57E+08	1.03E+00
19	24	4.61E+08	4.81E-02
19	25	4.62E+08	1.05E+00
20	0	4.63E+08	8.34E-01
20	1	4.62E+08	8.36E-01
20	2	4.59E+08	8.41E-01
20	3	4.55E+08	8.45E-01
20	4	4.55E+08	8.54E-01
20	5	4.50E+08	8.60E-01
20	6	4.50E+08	8.70E-01
20	7	4.47E+08	8.75E-01
20	8	4.28E+08	8.86E-01
20	9	2.69E+08	8.96E-01
20	10	4.23E+08	8.96E-01
20	11	4.46E+08	9.09E-01
20	12	4.53E+08	1.77E-04
20	13	4.49E+08	9.32E-01
20	14	4.33E+08	9.36E-01
20	15	3.91E+08	4.15E-02
20	16	4.49E+08	9.57E-01
20	17	4.56E+08	4.38E-02
20	18	4.49E+08	9.86E-01
20	19	3.45E+08	4.44E-02
20	20	4.52E+08	1.02E+00
20	21	4.57E+08	1.04E+00
20	22	4.51E+08	4.61E-02
20	23	4.51E+08	1.04E+00
20	24	4.61E+08	4.82E-02
20	25	4.60E+08	1.04E+00
21	0	4.51E+08	8.80E-01
21	1	4.49E+08	8.83E-01
21	2	4.42E+08	8.88E-01
21	3	4.15E+08	8.88E-01
21	4	2.51E+08	8.97E-01
21	5	3.96E+08	8.96E-01
21	6	4.31E+08	9.02E-01
21	7	4.41E+08	9.05E-01
21	8	4.44E+08	9.13E-01
21	9	4.45E+08	9.19E-01
21	10	4.43E+08	9.23E-01
21	11	4.20E+08	9.33E-01
21	12	3.15E+08	2.17E-04
21	13	4.36E+08	9.57E-01
21	14	4.48E+08	9.59E-01
21	15	4.47E+08	4.42E-02
21	16	4.25E+08	9.82E-01
21	17	4.16E+08	4.17E-02
21	18	4.47E+08	1.01E+00
21	19	4.51E+08	4.82E-02
21	20	4.40E+08	1.01E+00
21	21	4.47E+08	1.05E+00
21	22	4.53E+08	4.70E-02
21	23	4.53E+08	1.02E+00
21	24	4.53E+08	5.30E-02
21	25	4.60E+08	1.04E+00
22	0	4.44E+08	9.14E-01
22	1	4.44E+08	9.15E-01
22	2	4.43E+08	9.16E-01
22	3	4.42E+08	9.19E-01
22	4	4.41E+08	9.22E-01
22	5	4.39E+08	9.26E-01
22	6	4.36E+08	9.31E-01
22	7	4.27E+08	9.28E-01
22	8	3.31E+08	9.28E-01
22	9	3.90E+08	9.41E-01
22	10	4.34E+08	9.47E-01
22	11	4.41E+08	9.56E-01
22	12	4.43E+08	1.35E-04
22	13	4.31E+08	9.75E-01
22	14	2.60E+08	9.75E-01
22	15	4.33E+08	3.94E-02
22	16	4.42E+08	1.00E+00
22	17	4.45E+08	4.71E-02
22	18	4.09E+08	9.46E-01
22	19	4.37E+08	3.97E-02
22	20	4.47E+08	1.02E+00
22	21	4.55E+08	1.04E+00
22	22	3.94E+08	4.56E-02
22	23	4.56E+08	1.01E+00
22	24	4.62E+08	5.20E-02
22	25	3.38E+08	6.56E-01
23	0	4.37E+08	9.45E-01
23	1	4.26E+08	9.46E-01
23	2	3.47E+08	9.49E-01
23	3	3.32E+08	9.46E-01
23	4	4.07E+08	9.49E-01
23	5	4.22E+08	9.44E-01
23	6	4.34E+08	9.46E-01
23	7	4.39E+08	9.46E-01
23	8	4.40E+08	9.49E-01
23	9	4.40E+08	9.50E-01
23	10	4.28E+08	9.56E-01
23	11	3.00E+08	9.55E-01
23	12	4.16E+08	1.52E-04
23	13	4.36E+08	9.87E-01
23	14	4.37E+08	9.94E-01
23	15	4.33E+08	4.35E-02
23	16	2.61E+08	7.20E-01
23	17	4.34E+08	4.52E-02
23	18	4.44E+08	9.92E-01
23	19	4.53E+08	4.85E-02
23	20	3.48E+08	7.56E-01
23	21	4.59E+08	1.02E+00
23	22	4.59E+08	5.44E-02
23	23	4.34E+08	9.34E-01
23	24	4.69E+08	5.28E-02
23	25	4.76E+08	9.83E-01
24	0	4.38E+08	9.54E-01
24	1	4.38E+08	9.54E-01
24	2	4.39E+08	9.52E-01
24	3	4.39E+08	9.51E-01
24	4	4.39E+08	9.51E-01
24	5	4.37E+08	9.51E-01
24	6	4.28E+08	9.51E-01
24	7	3.78E+08	9.33E-01
24	8	3.48E+08	9.53E-01
24	9	4.27E+08	9.55E-01
24	10	4.37E+08	9.68E-01
24	11	4.36E+08	9.81E-01
24	12	4.30E+08	2.30E-04
24	13	3.87E+08	9.86E-01
24	14	3.93E+08	9.95E-01
24	15	4.34E+08	4.86E-02
24	16	4.41E+08	9.64E-01
24	17	4.52E+08	4.64E-02
24	18	3.73E+08	7.69E-01
24	19	4.61E+08	5.05E-02
24	20	4.58E+08	9.81E-01
24	21	4.40E+08	9.28E-01
24	22	4.68E+08	5.70E-02
24	23	4.76E+08	9.45E-01
24	24	4.94E+08	6.70E-02
24	25	4.91E+08	9.15E-01
25	0	4.37E+08	9.63E-01
25	1	4.07E+08	9.58E-01
25	2	4.15E+08	9.61E-01
25	3	4.21E+08	9.58E-01
25	4	4.30E+08	9.59E-01
25	5	4.32E+08	9.53E-01
25	6	4.39E+08	9.55E-01
25	7	4.41E+08	9.56E-01
25	8	4.38E+08	9.63E-01
25	9	4.28E+08	9.72E-01
25	10	3.80E+08	9.73E-01
25	11	3.70E+08	9.48E-01
25	12	4.26E+08	1.72E-04
25	13	4.35E+08	9.91E-01
25	14	4.39E+08	9.40E-01
25	15	4.39E+08	4.85E-02
25	16	4.10E+08	8.32E-01
25	17	4.65E+08	4.96E-02
25	18	4.62E+08	9.57E-01
25	19	4.71E+08	5.70E-02
25	20	4.74E+08	9.16E-01
25	21	4.78E+08	9.25E-01
25	22	4.94E+08	6.10E-02
25	23	4.89E+08	8.57E-01
25	24	5.13E+08	6.58E-02
25	25	5.23E+08	8.41E-01
26	0	4.41E+08	9.56E-01
26	1	4.41E+08	9.56E-01
26	2	4.42E+08	9.53E-01
26	3	4.43E+08	9.51E-01
26	4	4.41E+08	9.51E-01
26	5	4.33E+08	9.53E-01
26	6	4.01E+08	9.51E-01
26	7	3.07E+08	8.43E-01
26	8	4.20E+08	9.40E-01
26	9	4.33E+08	9.62E-01
26	10	4.35E+08	9.72E-01
26	11	4.34E+08	9.72E-01
26	12	4.52E+08	1.41E-03
26	13	2.91E+08	8.49E-01
26	14	4.46E+08	8.71E-01
26	15	4.70E+08	4.85E-02
26	16	4.67E+08	9.19E-01
26	17	4.88E+08	6.91E-02
26	18	4.84E+08	8.77E-01
26	19	4.87E+08	6.00E-02
26	20	4.93E+08	8.57E-01
26	21	4.98E+08	7.83E-01
26	22	5.16E+08	6.57E-02
26	23	5.27E+08	8.07E-01
26	24	5.46E+08	7.57E-02
26	25	5.55E+08	7.35E-01
27	0	4.45E+08	9.47E-01
27	1	4.42E+08	9.45E-01
27	2	4.40E+08	9.44E-01
27	3	4.38E+08	9.35E-01
27	4	4.45E+08	9.36E-01
27	5	4.44E+08	9.38E-01
27	6	4.44E+08	9.43E-01
27	7	4.41E+08	9.48E-01
27	8	4.37E+08	9.50E-01
27	9	4.25E+08	9.33E-01
27	10	3.73E+08	6.75E-01
27	11	4.23E+08	9.30E-01
27	12	4.73E+08	1.31E-03
27	13	4.72E+08	8.91E-01
27	14	4.78E+08	8.58E-01
27	15	5.88E+08	7.22E-02
27	16	4.94E+08	8.41E-01
27	17	4.92E+08	5.62E-02
27	18	4.96E+08	8.17E-01
27	19	5.49E+08	9.15E-02
27	20	5.20E+08	7.89E-01
27	21	5.35E+08	7.66E-01
27	22	6.11E+08	1.15E-01
27	23	5.63E+08	6.96E-01
27	24	5.82E+08	7.38E-02
27	25	6.08E+08	5.86E-01
28	0	4.54E+08	9.20E-01
28	1	4.53E+08	9.21E-01
28	2	4.53E+08	9.19E-01
28	3	4.50E+08	9.20E-01
28	4	4.47E+08	9.19E-01
28	5	4.35E+08	9.06E-01
28	6	3.82E+08	7.79E-01
28	7	4.25E+08	8.38E-01
28	8	4.45E+08	9.00E-01
28	9	4.53E+08	9.02E-01
28	10	4.72E+08	8.69E-01
28	11	4.75E+08	8.54E-01
28	12	5.15E+08	1.17E-03
28	13	5.26E+08	6.89E-01
28	14	5.03E+08	8.08E-01
28	15	5.58E+08	8.54E-02
28	16	5.05E+08	7.62E-01
28	17	5.65E+08	9.13E-02
28	18	5.27E+08	7.47E-01
28	19	5.44E+08	6.24E-02
28	20	6.17E+08	5.41E-01
28	21	5.73E+08	6.49E-01
28	22	5.94E+08	6.94E-02
28	23	6.46E+08	4.95E-01
29	0	4.67E+08	8.80E-01
29	1	4.67E+08	8.77E-01
29	2	4.67E+08	8.73E-01
29	3	4.65E+08	8.71E-01
29	4	4.66E+08	8.72E-01
29	5	4.64E+08	8.71E-01
29	6	4.67E+08	8.66E-01
29	7	4.76E+08	8.45E-01
29	8	4.80E+08	8.22E-01
29	9	5.07E+08	7.05E-01
29	10	5.48E+08	5.75E-01
29	11	5.05E+08	7.66E-01
29	12	5.11E+08	2.22E-04
29	13	5.13E+08	7.63E-01
29	14	5.45E+08	6.65E-01
29	15	5.01E+08	5.88E-02
29	16	5.39E+08	7.00E-01
29	17	5.55E+08	6.01E-02
29	18	6.17E+08	5.27E-01
29	19	5.89E+08	6.46E-02
29	20	6.08E+08	5.49E-01
29	21	6.71E+08	4.39E-01
30	0	4.86E+08	8.23E-01
30	1	4.86E+08	8.22E-01
30	2	4.87E+08	8.18E-01
30	3	4.86E+08	8.08E-01
30	4	4.93E+08	7.86E-01
30	5	5.05E+08	7.10E-01
30	6	4.65E+08	5.15E-01
30	7	5.10E+08	7.06E-01
30	8	5.06E+08	7.50E-01
30	9	5.18E+08	7.38E-01
30	10	5.22E+08	7.26E-01
30	11	5.30E+08	6.94E-01
30	12	6.42E+08	8.26E-04
30	13	5.62E+08	6.34E-01
30	14	5.59E+08	6.45E-01
30	15	5.64E+08	7.76E-02
30	16	6.51E+08	4.52E-01
30	17	6.07E+08	6.41E-02
30	18	6.27E+08	4.90E-01
30	19	6.79E+08	7.47E-02
31	0	5.09E+08	7.51E-01
31	1	5.08E+08	7.49E-01
31	2	5.09E+08	7.43E-01
31	3	5.12E+08	7.36E-01
31	4	5.15E+08	7.29E-01
31	5	5.16E+08	7.14E-01
31	6	5.27E+08	7.02E-01
31	7	5.33E+08	6.84E-01
31	8	5.42E+08	6.52E-01
31	9	6.07E+08	4.91E-01
31	10	5.94E+08	5.41E-01
31	11	5.68E+08	6.03E-01
31	12	5.81E+08	3.58E-04
31	13	6.00E+08	5.38E-01
31	14	7.28E+08	3.22E-01
31	15	5.72E+08	5.87E-02
31	16	6.54E+08	4.22E-01
31	17	7.10E+08	6.51E-02
32	0	5.41E+08	6.58E-01
32	1	5.41E+08	6.56E-01
32	2	5.44E+08	6.48E-01
32	3	5.48E+08	6.36E-01
32	4	5.54E+08	6.16E-01
32	5	5.64E+08	5.35E-01
32	6	6.51E+08	3.82E-01
32	7	5.88E+08	5.40E-01
32	8	5.82E+08	5.55E-01
32	9	5.92E+08	5.35E-01
32	10	6.11E+08	5.00E-01
32	11	6.46E+08	4.33E-01
32	12	6.89E+08	5.55E-04
32	13	6.66E+08	3.94E-01
32	14	6.95E+08	3.40E-01
32	15	6.32E+08	6.03E-02
33	0	5.85E+08	5.38E-01
33	1	5.86E+08	5.34E-01
33	2	5.90E+08	5.25E-01
33	3	5.92E+08	5.16E-01
33	4	6.01E+08	5.02E-01
33	5	6.09E+08	4.84E-01
33	6	6.19E+08	4.65E-01
33	7	6.37E+08	4.34E-01
33	8	6.62E+08	3.87E-01
33	9	7.53E+08	2.71E-01
33	10	6.96E+08	3.36E-01
33	11	7.16E+08	2.98E-01
33	12	7.55E+08	2.17E-04
33	13	8.27E+08	1.92E-01
33	14	8.27E+08	1.92E-01 // added this level, was missing
33	15	7.70E+08	6.34E-02
34	0	6.55E+08	3.82E-01
34	1	6.55E+08	3.79E-01
34	2	6.63E+08	3.68E-01
34	3	6.67E+08	3.55E-01
34	4	6.87E+08	3.28E-01
34	5	7.11E+08	2.39E-01
34	6	7.28E+08	2.72E-01
34	7	7.35E+08	2.61E-01
34	8	7.58E+08	2.26E-01
34	9	7.94E+08	1.81E-01
34	10	8.63E+08	1.20E-01
34	11	9.04E+08	8.53E-02
35	0	7.65E+08	1.95E-01
35	1	7.63E+08	1.92E-01
35	2	7.80E+08	1.80E-01
35	3	7.96E+08	1.65E-01
35	4	8.13E+08	1.47E-01
35	5	8.33E+08	1.24E-01
35	6	8.69E+08	9.57E-02
35	7	8.98E+08	9.17E-02
35	8	9.66E+08	4.81E-02
35	9	1.04E+09	2.78E-02
36	0	6.66E+08	3.40E-02
36	1	8.04E+08	5.03E-02
36	2	9.27E+08	4.55E-02
36	3	9.86E+08	3.91E-02
36	4	1.02E+09	3.29E-02
36	5	1.06E+09	2.71E-02
36	6	1.08E+09	2.17E-02
36	7	9.13E+08	6.82E-02
37	0	9.72E+08	2.08E-02
37	1	9.99E+08	2.06E-02
37	2	1.03E+09	2.20E-02
37	3	1.08E+09	1.84E-02
37	4	8.90E+08	1.57E-02
37	5	8.90E+08	1.57E-02 // level was missing
37	6	8.90E+08	1.57E-02 // level was missing
37	7	1.09E+09	2.11E-02


