#Temp	LTE cooling per molecule	Net cooling per molecule
3.34965e+00	8.19914e-90	-1.10821e-30
3.54813e+00	4.08712e-86	-1.13435e-30
3.75837e+00	1.26539e-82	-1.16025e-30
3.98107e+00	2.49897e-79	-1.18585e-30
4.21697e+00	3.22810e-76	-1.21110e-30
4.46684e+00	2.79315e-73	-1.23599e-30
4.73151e+00	1.65554e-70	-1.26046e-30
5.01187e+00	6.86557e-68	-1.28449e-30
5.30884e+00	2.03226e-65	-1.30805e-30
5.62341e+00	4.37560e-63	-1.33111e-30
5.95662e+00	6.97575e-61	-1.35365e-30
6.30957e+00	8.37399e-59	-1.37566e-30
6.68344e+00	7.69054e-57	-1.39710e-30
7.07946e+00	5.48494e-55	-1.41797e-30
7.49894e+00	3.08120e-53	-1.43826e-30
7.94328e+00	1.38165e-51	-1.45795e-30
8.41395e+00	5.00827e-50	-1.47705e-30
8.91251e+00	1.48507e-48	-1.49554e-30
9.44061e+00	3.64304e-47	-1.51342e-30
1.00000e+01	7.47203e-46	-1.53069e-30
1.05925e+01	1.29426e-44	-1.54262e-30
1.12202e+01	1.91127e-43	-1.55384e-30
1.18850e+01	2.42779e-42	-1.56436e-30
1.25893e+01	2.67516e-41	-1.57419e-30
1.33352e+01	2.57743e-40	-1.58335e-30
1.41254e+01	2.18767e-39	-1.59184e-30
1.49624e+01	1.64745e-38	-1.59970e-30
1.58489e+01	1.10809e-37	-1.60694e-30
1.67880e+01	6.69884e-37	-1.61360e-30
1.77828e+01	3.66153e-36	-1.61970e-30
1.88365e+01	1.81961e-35	-1.62527e-30
1.99526e+01	8.26463e-35	-1.63034e-30
2.11349e+01	3.44763e-34	-1.63482e-30
2.23872e+01	1.32697e-33	-1.63827e-30
2.37137e+01	4.73262e-33	-1.63909e-30
2.51189e+01	1.57022e-32	-1.63226e-30
2.66073e+01	4.86452e-32	-1.60352e-30
2.81838e+01	1.41195e-31	-1.51537e-30
2.98538e+01	3.85182e-31	-1.27617e-30
3.16228e+01	9.90489e-31	-6.79579e-31
3.34965e+01	2.40743e-30	7.26762e-31
3.54813e+01	5.54482e-30	3.85278e-30
3.75837e+01	1.21314e-29	1.04271e-29
3.98107e+01	2.52725e-29	2.35549e-29
4.21697e+01	5.02474e-29	4.85157e-29
4.46684e+01	9.55730e-29	9.38262e-29
4.73151e+01	1.74331e-28	1.72569e-28
5.01187e+01	3.05742e-28	3.03963e-28
5.30884e+01	5.16983e-28	5.15187e-28
5.62341e+01	8.45363e-28	8.43550e-28
5.95662e+01	1.34117e-27	1.33934e-27
6.30957e+01	2.07183e-27	2.06999e-27
6.68344e+01	3.12855e-27	3.12669e-27
7.07946e+01	4.63696e-27	4.63508e-27
7.49894e+01	6.77393e-27	6.77204e-27
7.94328e+01	9.79299e-27	9.79109e-27
8.41395e+01	1.40605e-26	1.40586e-26
8.91251e+01	2.01046e-26	2.01027e-26
9.44061e+01	2.86784e-26	2.86764e-26
1.00000e+02	4.08359e-26	4.08339e-26
1.05925e+02	5.80211e-26	5.80191e-26
1.12202e+02	8.21653e-26	8.21633e-26
1.18850e+02	1.15790e-25	1.15788e-25
1.25893e+02	1.62113e-25	1.62111e-25
1.33352e+02	2.25154e-25	2.25152e-25
1.41254e+02	3.09842e-25	3.09840e-25
1.49624e+02	4.22139e-25	4.22137e-25
1.58489e+02	5.69185e-25	5.69183e-25
1.67880e+02	7.59507e-25	7.59505e-25
1.77828e+02	1.00333e-24	1.00332e-24
1.88365e+02	1.31302e-24	1.31302e-24
1.99526e+02	1.70381e-24	1.70381e-24
2.11349e+02	2.19474e-24	2.19473e-24
2.23872e+02	2.81000e-24	2.80999e-24
2.37137e+02	3.58067e-24	3.58067e-24
2.51189e+02	4.54691e-24	4.54690e-24
2.66073e+02	5.76049e-24	5.76048e-24
2.81838e+02	7.28792e-24	7.28790e-24
2.98538e+02	9.21393e-24	9.21391e-24
3.16228e+02	1.16458e-23	1.16458e-23
3.34965e+02	1.47187e-23	1.47187e-23
3.54813e+02	1.86035e-23	1.86034e-23
3.75837e+02	2.35181e-23	2.35179e-23
3.98107e+02	2.97455e-23	2.97451e-23
4.21697e+02	3.76635e-23	3.76628e-23
4.46684e+02	4.77918e-23	4.77903e-23
4.73151e+02	6.08650e-23	6.08622e-23
5.01187e+02	7.79445e-23	7.79391e-23
5.30884e+02	1.00579e-22	1.00569e-22
5.62341e+02	1.31033e-22	1.31014e-22
5.95662e+02	1.72585e-22	1.72553e-22
6.30957e+02	2.29924e-22	2.29870e-22
6.68344e+02	3.09624e-22	3.09534e-22
7.07946e+02	4.20709e-22	4.20565e-22
7.49894e+02	5.75291e-22	5.75065e-22
7.94328e+02	7.89247e-22	7.88900e-22
8.41395e+02	1.08292e-21	1.08241e-21
8.91251e+02	1.48178e-21	1.48106e-21
9.44061e+02	2.01703e-21	2.01607e-21
1.00000e+03	2.72615e-21	2.72486e-21
1.05925e+03	3.65323e-21	3.65163e-21
1.12202e+03	4.84928e-21	4.84731e-21
1.18850e+03	6.37236e-21	6.37003e-21
1.25893e+03	8.28757e-21	8.28542e-21
1.33352e+03	1.06670e-20	1.06658e-20
1.41254e+03	1.35899e-20	1.35893e-20
1.49624e+03	1.71420e-20	1.71418e-20
1.58489e+03	2.14164e-20	2.14163e-20
1.67880e+03	2.65129e-20	2.65131e-20
1.77828e+03	3.25389e-20	3.25393e-20
1.88365e+03	3.96096e-20	3.96103e-20
1.99526e+03	4.78487e-20	4.78504e-20
2.11349e+03	5.73900e-20	5.73936e-20
2.23872e+03	6.83780e-20	6.83882e-20
2.37137e+03	8.09700e-20	8.09938e-20
2.51189e+03	9.53382e-20	9.53972e-20
2.66073e+03	1.11672e-19	1.11811e-19
2.81838e+03	1.30179e-19	1.30499e-19
2.98538e+03	1.51091e-19	1.51833e-19
3.16228e+03	1.74665e-19	1.76361e-19
3.34965e+03	2.01185e-19	2.04943e-19
3.54813e+03	2.30965e-19	2.38813e-19
3.75837e+03	2.64347e-19	2.79323e-19
3.98107e+03	3.01700e-19	3.25830e-19
4.21696e+03	3.43413e-19	3.50707e-19
4.46684e+03	3.89881e-19	-3.84014e-20
4.73151e+03	4.41486e-19	-5.61409e-18
5.01187e+03	4.98577e-19	-6.44349e-17
5.30884e+03	5.61430e-19	-6.13637e-17
5.62341e+03	6.30223e-19	-2.34914e-16
5.95662e+03	7.04995e-19	-7.71613e-16
6.30957e+03	7.85618e-19	-1.76182e-15
6.68344e+03	8.71779e-19	-4.35210e-15
7.07946e+03	9.62970e-19	-1.05060e-14
7.49894e+03	1.05850e-18	-2.18473e-14
7.94328e+03	1.15752e-18	-3.68488e-14
8.41395e+03	1.25905e-18	-5.03220e-14
8.91251e+03	1.36206e-18	-6.37672e-14
9.44061e+03	1.46549e-18	-8.12972e-14
1.00000e+04	1.56831e-18	-1.05489e-13
1.05925e+04	1.66956e-18	-1.43844e-13
1.12202e+04	1.76840e-18	-2.15695e-13
1.18850e+04	1.86409e-18	-1.70333e-13
1.25893e+04	1.95603e-18	2.17096e-13
1.33352e+04	2.04370e-18	1.06789e-12
1.41254e+04	2.12671e-18	2.40751e-12
1.49624e+04	2.20471e-18	4.15167e-12
1.58489e+04	2.27741e-18	5.97892e-12
1.67880e+04	2.34450e-18	7.69854e-12
1.77828e+04	2.40567e-18	9.27395e-12
1.88365e+04	2.46054e-18	1.07459e-11
1.99526e+04	2.50867e-18	1.21597e-11
2.11349e+04	2.54957e-18	1.35299e-11
2.23872e+04	2.58267e-18	1.48569e-11
2.37137e+04	2.60735e-18	1.61559e-11
2.51189e+04	2.62304e-18	1.74430e-11
2.66072e+04	2.62916e-18	1.86945e-11
2.81838e+04	2.62527e-18	1.98352e-11
2.98538e+04	2.61110e-18	2.07848e-11
3.16228e+04	2.58660e-18	2.05229e-11
3.34965e+04	2.55196e-18	2.03285e-11
3.54813e+04	2.50767e-18	2.02711e-11
3.75837e+04	2.45449e-18	2.03149e-11
3.98107e+04	2.39343e-18	2.04300e-11
4.21696e+04	2.32569e-18	2.05941e-11
4.46684e+04	2.25258e-18	2.07901e-11
4.73151e+04	2.17549e-18	2.10056e-11
5.01187e+04	2.09578e-18	2.12312e-11
5.30884e+04	2.01474e-18	2.14603e-11
5.62341e+04	1.93353e-18	2.16882e-11
5.95662e+04	1.85318e-18	2.19114e-11
6.30957e+04	1.77453e-18	2.21277e-11
6.68344e+04	1.69825e-18	2.23360e-11
7.07946e+04	1.62485e-18	2.25363e-11
7.49894e+04	1.55472e-18	2.27293e-11
7.94328e+04	1.48808e-18	2.29156e-11
8.41395e+04	1.42506e-18	2.30958e-11
8.91251e+04	1.36570e-18	2.32698e-11
9.44061e+04	1.30997e-18	2.34373e-11
1.00000e+05	1.25780e-18	2.35978e-11
1.05925e+05	1.20906e-18	2.37511e-11
1.12202e+05	1.16360e-18	2.38972e-11
1.18850e+05	1.12125e-18	2.40362e-11
1.25893e+05	1.08185e-18	2.41681e-11
1.33352e+05	1.04521e-18	2.42934e-11
1.41254e+05	1.01116e-18	2.44124e-11
1.49624e+05	9.79522e-19	2.45252e-11
1.58489e+05	9.50131e-19	2.46322e-11
1.67880e+05	9.22825e-19	2.47336e-11
1.77828e+05	8.97454e-19	2.48298e-11
1.88365e+05	8.73876e-19	2.49207e-11
1.99526e+05	8.51958e-19	2.50070e-11
2.11349e+05	8.31576e-19	2.50887e-11
2.23872e+05	8.12615e-19	2.51661e-11
2.37137e+05	7.94967e-19	2.52393e-11
2.51189e+05	7.78536e-19	2.53085e-11
2.66072e+05	7.63230e-19	2.53741e-11
2.81838e+05	7.48965e-19	2.54362e-11
2.98538e+05	7.35663e-19	2.54945e-11
3.16228e+05	7.23254e-19	2.55492e-11
3.34965e+05	7.11673e-19	2.56009e-11
3.54813e+05	7.00858e-19	2.56498e-11
3.75837e+05	6.90755e-19	2.56961e-11
3.98107e+05	6.81311e-19	2.57399e-11
4.21696e+05	6.72481e-19	2.57814e-11
4.46684e+05	6.64221e-19	2.58206e-11
4.73151e+05	6.56490e-19	2.58576e-11
5.01187e+05	6.49252e-19	2.58927e-11
5.30884e+05	6.42472e-19	2.59258e-11
5.62341e+05	6.36119e-19	2.59571e-11
5.95662e+05	6.30165e-19	2.59867e-11
6.30957e+05	6.24581e-19	2.60147e-11
6.68344e+05	6.19344e-19	2.60411e-11
7.07946e+05	6.14430e-19	2.60661e-11
7.49894e+05	6.09817e-19	2.60897e-11
7.94328e+05	6.05487e-19	2.61119e-11
8.41395e+05	6.01420e-19	2.61329e-11
8.91251e+05	5.97600e-19	2.61528e-11
9.44061e+05	5.94010e-19	2.61715e-11
1.00000e+06	5.90636e-19	2.61891e-11
1.05925e+06	5.87464e-19	2.62058e-11
1.12202e+06	5.84482e-19	2.62215e-11
1.18850e+06	5.81677e-19	2.62363e-11
1.25893e+06	5.79039e-19	2.62502e-11
1.33352e+06	5.76556e-19	2.62633e-11
1.41254e+06	5.74220e-19	2.62756e-11
1.49624e+06	5.72022e-19	2.62872e-11
1.58489e+06	5.69952e-19	2.62981e-11
1.67880e+06	5.68003e-19	2.63083e-11
1.77828e+06	5.66168e-19	2.63179e-11
1.88365e+06	5.64440e-19	2.63269e-11
1.99526e+06	5.62813e-19	2.63353e-11
2.11349e+06	5.61279e-19	2.63431e-11
2.23872e+06	5.59835e-19	2.63504e-11
2.37137e+06	5.58474e-19	2.63572e-11
2.51189e+06	5.57191e-19	2.63634e-11
2.66072e+06	5.55983e-19	2.63692e-11
2.81838e+06	5.54843e-19	2.63746e-11
2.98538e+06	5.53770e-19	2.63795e-11
3.16228e+06	5.52757e-19	2.63840e-11
3.34965e+06	5.51803e-19	2.63881e-11
3.54813e+06	5.50903e-19	2.63918e-11
3.75837e+06	5.50055e-19	2.63952e-11
3.98107e+06	5.49255e-19	2.63983e-11
4.21696e+06	5.48501e-19	2.64011e-11
4.46684e+06	5.47789e-19	2.64036e-11
4.73151e+06	5.47118e-19	2.64059e-11
5.01187e+06	5.46486e-19	2.64081e-11
5.30884e+06	5.45889e-19	2.64100e-11
5.62341e+06	5.45326e-19	2.64119e-11
5.95662e+06	5.44795e-19	2.64136e-11
6.30957e+06	5.44293e-19	2.64153e-11
6.68344e+06	5.43821e-19	2.64170e-11
7.07946e+06	5.43375e-19	2.64186e-11
7.49894e+06	5.42954e-19	2.64203e-11
7.94328e+06	5.42557e-19	2.64221e-11
8.41395e+06	5.42183e-19	2.64239e-11
8.91251e+06	5.41829e-19	2.64259e-11
9.44061e+06	5.41496e-19	2.64280e-11
1.00000e+07	5.41181e-19	2.64303e-11
1.05925e+07	5.40884e-19	2.64328e-11
1.12202e+07	5.40604e-19	2.64355e-11
1.18850e+07	5.40339e-19	2.64386e-11
1.25893e+07	5.40090e-19	2.64419e-11
1.33352e+07	5.39854e-19	2.64456e-11
1.41254e+07	5.39632e-19	2.64497e-11
1.49624e+07	5.39422e-19	2.64541e-11
1.58489e+07	5.39224e-19	2.64589e-11
1.67880e+07	5.39038e-19	2.64640e-11
1.77828e+07	5.38861e-19	2.64694e-11
1.88365e+07	5.38695e-19	2.64750e-11
1.99526e+07	5.38538e-19	2.64807e-11
2.11349e+07	5.38389e-19	2.64866e-11
2.23872e+07	5.38250e-19	2.64924e-11
2.37137e+07	5.38117e-19	2.64982e-11
2.51189e+07	5.37993e-19	2.65037e-11
2.66072e+07	5.37875e-19	2.65091e-11
2.81838e+07	5.37764e-19	2.65141e-11
2.98538e+07	5.37659e-19	2.65188e-11
3.16228e+07	5.37560e-19	2.65232e-11
3.34965e+07	5.37467e-19	2.65271e-11
3.54813e+07	5.37379e-19	2.65307e-11
3.75837e+07	5.37295e-19	2.65340e-11
3.98107e+07	5.37217e-19	2.65369e-11
4.21697e+07	5.37143e-19	2.65395e-11
4.46684e+07	5.37073e-19	2.65417e-11
4.73151e+07	5.37006e-19	2.65438e-11
5.01187e+07	5.36944e-19	2.65455e-11
5.30884e+07	5.36885e-19	2.65471e-11
5.62341e+07	5.36830e-19	2.65485e-11
5.95662e+07	5.36777e-19	2.65497e-11
6.30957e+07	5.36728e-19	2.65507e-11
6.68344e+07	5.36681e-19	2.65516e-11
7.07946e+07	5.36637e-19	2.65525e-11
7.49894e+07	5.36595e-19	2.65532e-11
7.94328e+07	5.36556e-19	2.65538e-11
8.41395e+07	5.36519e-19	2.65544e-11
8.91251e+07	5.36483e-19	2.65548e-11
9.44061e+07	5.36450e-19	2.65553e-11
1.00000e+08	5.36419e-19	2.65557e-11
1.05926e+08	5.36390e-19	2.65560e-11
1.12202e+08	5.36362e-19	2.65563e-11
1.18850e+08	5.36336e-19	2.65566e-11
1.25893e+08	5.36311e-19	2.65568e-11
1.33352e+08	5.36287e-19	2.65571e-11
1.41254e+08	5.36265e-19	2.65573e-11
1.49624e+08	5.36244e-19	2.65574e-11
1.58489e+08	5.36225e-19	2.65576e-11
1.67880e+08	5.36206e-19	2.65578e-11
1.77828e+08	5.36188e-19	2.65579e-11
1.88365e+08	5.36172e-19	2.65580e-11
1.99526e+08	5.36156e-19	2.65581e-11
2.11349e+08	5.36141e-19	2.65583e-11
2.23872e+08	5.36127e-19	2.65584e-11
2.37137e+08	5.36114e-19	2.65584e-11
2.51189e+08	5.36102e-19	2.65585e-11
2.66073e+08	5.36090e-19	2.65586e-11
2.81838e+08	5.36079e-19	2.65587e-11
2.98538e+08	5.36069e-19	2.65587e-11
3.16228e+08	5.36059e-19	2.65588e-11
3.34965e+08	5.36049e-19	2.65589e-11
3.54813e+08	5.36041e-19	2.65589e-11
3.75837e+08	5.36032e-19	2.65590e-11
3.98107e+08	5.36024e-19	2.65590e-11
4.21697e+08	5.36017e-19	2.65591e-11
4.46684e+08	5.36010e-19	2.65591e-11
4.73151e+08	5.36003e-19	2.65591e-11
5.01187e+08	5.35997e-19	2.65592e-11
5.30884e+08	5.35991e-19	2.65592e-11
5.62341e+08	5.35986e-19	2.65593e-11
5.95662e+08	5.35981e-19	2.65593e-11
6.30957e+08	5.35976e-19	2.65593e-11
6.68344e+08	5.35971e-19	2.65593e-11
7.07946e+08	5.35966e-19	2.65594e-11
7.49894e+08	5.35962e-19	2.65594e-11
7.94328e+08	5.35958e-19	2.65594e-11
8.41395e+08	5.35955e-19	2.65594e-11
8.91251e+08	5.35951e-19	2.65595e-11
9.44061e+08	5.35948e-19	2.65595e-11
1.00000e+09	5.35945e-19	2.65595e-11
1.05925e+09	5.35942e-19	2.65595e-11
1.12202e+09	5.35939e-19	2.65595e-11
1.18850e+09	5.35936e-19	2.65595e-11
1.25893e+09	5.35934e-19	2.65596e-11
1.33352e+09	5.35932e-19	2.65596e-11
1.41254e+09	5.35929e-19	2.65596e-11
1.49624e+09	5.35927e-19	2.65596e-11
1.58489e+09	5.35925e-19	2.65596e-11
1.67880e+09	5.35923e-19	2.65596e-11
1.77828e+09	5.35922e-19	2.65596e-11
1.88365e+09	5.35920e-19	2.65596e-11
1.99526e+09	5.35918e-19	2.65596e-11
2.11349e+09	5.35917e-19	2.65596e-11
2.23872e+09	5.35916e-19	2.65597e-11
2.37137e+09	5.35914e-19	2.65597e-11
2.51189e+09	5.35913e-19	2.65597e-11
2.66072e+09	5.35912e-19	2.65597e-11
2.81838e+09	5.35911e-19	2.65597e-11
2.98538e+09	5.35910e-19	2.65597e-11
3.16228e+09	5.35909e-19	2.65597e-11
3.34965e+09	5.35908e-19	2.65597e-11
3.54813e+09	5.35907e-19	2.65597e-11
3.75837e+09	5.35906e-19	2.65597e-11
3.98107e+09	5.35905e-19	2.65597e-11
4.21697e+09	5.35905e-19	2.65597e-11
4.46684e+09	5.35904e-19	2.65597e-11
4.73151e+09	5.35903e-19	2.65597e-11
5.01187e+09	5.35903e-19	2.65597e-11
5.30884e+09	5.35902e-19	2.65597e-11
5.62341e+09	5.35901e-19	2.65597e-11
5.95662e+09	5.35901e-19	2.65597e-11
6.30957e+09	5.35900e-19	2.65597e-11
6.68344e+09	5.35900e-19	2.65597e-11
7.07946e+09	5.35900e-19	2.65597e-11
7.49894e+09	5.35899e-19	2.65597e-11
7.94328e+09	5.35899e-19	2.65598e-11
8.41395e+09	5.35898e-19	-0.00000e+00
8.91251e+09	5.35898e-19	-0.00000e+00
9.44061e+09	5.35898e-19	-0.00000e+00
1.00000e+10	5.35897e-19	-0.00000e+00
